P2
24 7
255
0 0 0 0 0 0 0 0 0 0 0 0 0 0 0 0 0 0 0 0 0 0 0 0
0 30 30 30 30 0 0 30 30 30 30 0 0 100 100 100 100 0 0 180 180 180 180 0
0 30 0 0 0 0 0 30 0 0 0 0 0 100 0 0 0 0 0 180 0 0 180 0
0 30 30 30 0 0 0 30 30 30 0 0 0 100 100 100 0 0 0 180 180 180 180 0
0 30 0 0 0 0 0 30 0 0 0 0 0 100 0 0 0 0 0 180 0 0 0 0
0 30 0 0 0 0 0 30 30 30 30 0 0 100 100 100 100 0 0 180 0 0 0 0
0 0 0 0 0 0 0 0 0 0 0 0 0 0 0 0 0 0 0 0 0 0 0 0
P2
6 5
255
100 0 0 30 30 30
100 0 0 0 0 0
100 0 0 0 30 30
100 0 0 0 0 0
100 0 0 30 30 30
