P2
24 7
255
0 0 0 0 0 0 0 0 0 0 0 0 0 0 0 0 0 0 0 0 0 0 0 0
0 80 80 80 80 0 0 80 80 80 80 80 0 130 130 130 130 0 0 80 0 0 80 0
0 80 0 0 80 0 0 0 0 80 0 80 0 130 0 0 0 0 0 80 0 0 80 0
0 80 80 80 80 0 0 0 0 80 0 80 0 130 130 130 0 0 0 80 80 80 80 0
0 80 0 0 80 0 0 80 80 80 80 80 0 130 0 0 0 0 0 80 0 0 80 0
0 80 0 0 80 0 0 0 0 0 0 0 0 130 130 130 130 0 0 80 80 80 80 0
0 0 0 0 0 0 0 0 0 0 0 0 0 0 0 0 0 0 0 0 0 0 0 0
P2
6 7
255
0 0 0 0 0 0
0 80 80 80 80 0
0 80 0 0 80 0
0 80 80 80 80 0
0 80 0 0 80 0
0 80 0 0 80 0
0 0 0 0 0 0
